code           lon     lat   city
110000041 116.2202 40.2915 北京市
110000244 116.4174 39.9289 北京市
110000245 116.4072 39.8863 北京市
110000246 116.3966 39.9821 北京市
110000247 116.462 39.9365 北京市
110000249 116.184 39.9136 北京市
110000250 116.3392 39.9295 北京市
110000251 116.2878 39.9611 北京市
110000252 116.3621 39.8784 北京市
110000253 116.6636 40.135 北京市
110000254 116.6275 40.3275 北京市
110000255 116.2296 40.217 北京市
110000256 116.6804 39.9081 北京市
110000257 116.4672 39.7733 北京市
110000258 115.9577 39.7603 北京市
110000259 116.1541 39.8204 北京市
110000260 116.088 39.9726 北京市
110000261 117.0709 40.1465 北京市
110000262 116.8336 40.4095 北京市
110000263 115.9718 40.4529 北京市
110000264 115.986 40.4563 北京市
110000265 116.6151 40.3053 北京市
110000266 116.84 40.3844 北京市
110000267 116.2545 39.8768 北京市
120000005 117.157 38.9194 天津市
120000062 117.1444 39.1661 天津市
120000095 117.237 39.1082 天津市
120000104 117.202 39.0927 天津市
120000123 117.7918 39.2474 天津市
120000137 117.457 38.8394 天津市
120000143 117.707 39.0343 天津市
120000168 117.307 39.0877 天津市
120000176 117.3747 38.9846 天津市
120000186 117.1837 39.2133 天津市
120000302 117.764 39.1587 天津市
120000306 117.1589 39.0845 天津市
120000307 117.1941 39.1067 天津市
120000308 117.3876 39.1488 天津市
120000309 117.2101 39.1699 天津市
120000311 117.4067 40.0583 天津市
120000312 117.3045 39.7169 天津市
120000313 117.0365 39.3828 天津市
120000314 117.8199 39.3521 天津市
120000315 117.0296 39.0605 天津市
120000316 116.9638 38.9375 天津市
130100001 114.3524 37.8911 石家庄市
130100052 114.4422 38.0444 石家庄市
130100053 114.509 38.0457 石家庄市
130100054 114.6063 38.0266 石家庄市
130100055 114.4898 38.1328 石家庄市
130100056 114.4586 38.0058 石家庄市
130100057 114.5331 38.0178 石家庄市
130100063 114.5481 38.0378 石家庄市
130100100 114.289 38.0906 石家庄市
130111100 114.642 37.9002 石家庄市
130107100 114.0505 38.0592 石家庄市
140100053 112.5139 37.8873 太原市
140100056 112.549 37.9854 太原市
140100057 112.5369 37.8692 太原市
140100059 112.57 37.8195 太原市
140100062 112.5583 37.7394 太原市
140100063 112.469 37.7124 太原市
140100064 112.5628 37.8964 太原市
140100067 112.4701 37.782 太原市
150100051 111.6572 40.8033 呼和浩特市
150100054 111.7516 40.8369 呼和浩特市
150100055 111.7276 40.8062 呼和浩特市
150100056 111.6507 40.7517 呼和浩特市
150100057 111.5512 40.7866 呼和浩特市
150100058 111.717 40.7612  呼和浩特市
150100060 111.5968 40.8178 呼和浩特市
150100061 111.6518 40.8389 呼和浩特市
21010096 123.4017 41.7972 沈阳市
21010097 123.4678 41.7867 沈阳市
21010098 123.4114 41.7653 沈阳市
21010099 123.4264 41.8467 沈阳市
210100100 123.5903 41.8411 沈阳市
210100102 123.4231 41.6989 沈阳市
210100103 123.3783 41.9228 沈阳市
210100104 123.505 41.7406 沈阳市
210100105 123.2444 41.7347 沈阳市
210100106 123.5953 41.9086 沈阳市
220100051 125.3325 43.9166 长春市
220100052 125.2863 43.9027 长春市
220100053 125.2841 43.8463 长春市
220100054 125.3716 43.8772 长春市
220100055 125.3297 43.8805 长春市
220100056 125.4605 43.79 长春市
220100057 125.245 43.7783 长春市
220100058 125.1761 43.8325 长春市
220100059 125.3863 43.8447 长春市
230100001 126.5422 45.755 哈尔滨市
230100061 126.689 45.7733 哈尔滨市
230100073 126.6411 45.7258 哈尔滨市
230100081 126.635 45.7667 哈尔滨市
230100082 126.599 45.7222 哈尔滨市
230100083 126.685 45.7319 哈尔滨市
230100084 126.593 45.7478 哈尔滨市
230100085 126.615 45.61 哈尔滨市
230100086 126.561 45.8167 哈尔滨市
230100087 126.979 45.5419 哈尔滨市
23010088 126.595 45.9855 哈尔滨市
23010089 126.6206 45.6842 哈尔滨市
310120003 121.4891 30.925 上海市
310000051 121.4 31.238 上海市
310000052 121.536 31.2659 上海市
310000053 121.478 31.2036 上海市
310000055 121.467 31.3008 上海市
310000056 121.425 31.2261 上海市
310000057 121.412 31.1654 上海市
310000058 121.533 31.2284 上海市
310000059 121.577 31.2071 上海市
310000251 121.703 31.1907 上海市
310151005 121.8791 31.4662 上海市
310112003 121.4996 31.0739 上海市
310113003 121.4316 31.3322 上海市
310114004 121.3162 31.2838 上海市
310105001 121.3902 31.2059 上海市
310115002 121.7965 31.0507 上海市
310116001 121.3359 30.7456 上海市
310117001 121.2186 31.0378 上海市
310118004 121.2886 31.1663 上海市
320100051 118.7997 32.0754 南京市
320100052 118.8109 32.0309 南京市
320100053 118.7752 32.0023 南京市
320100054 118.7538 32.0551 南京市
320100055 118.7794 32.0745 南京市
320100056 118.9125 32.1028 南京市
320100057 118.7356 31.9996 南京市
320100058 118.6414 32.0931 南京市
320100068 118.8086 32.1065 南京市
320100069 118.8436 31.9198 南京市
320100070 118.8554 32.3578 南京市
320100071 119.0138 31.6494 南京市
320100072 118.879 31.3302 南京市
330100051 120.1197 30.3119 杭州市
330100053 120.1903 30.2692 杭州市
330100055 120.1269 30.2456 杭州市
330100056 120.3461 30.3153 杭州市
330100057 120.0883 30.1808 杭州市
330100058 120.2697 30.1819 杭州市
330100059 120.3019 30.4183 杭州市
330100060 120.0633 30.2747 杭州市
330100062 120.2072 30.2111 杭州市
330100064 119.9464 30.0494 杭州市
330100065 119.7183 30.2367 杭州市
330100067 120.1556 30.2864 杭州市
340100030 117.1604 31.9052 合肥市
340100051 117.3072 31.8764 合肥市
340100052 117.25 31.8571 合肥市
340100053 117.2588 31.8707 合肥市
340100054 117.1959 31.7848 合肥市
340100201 117.266 31.9436 合肥市
340100202 117.336 31.8586 合肥市
340100203 117.3027 31.7964 合肥市
340100204 117.2776 31.7385 合肥市
340100205 117.1318 31.8403 合肥市
340100301 117.3803 31.9147 合肥市
350100052 119.317 26.0746 福州市
350100058 119.2984 26.1028 福州市
350100061 119.2681 26.0504 福州市
350100062 119.2648 26.0768 福州市
350100064 119.5799 26.0936 福州市
350100065 119.5189 25.9664 福州市
360100002 115.7423 28.7996 南昌市
360100052 115.9314 28.6842 南昌市
360100053 115.8931 28.6843 南昌市
360100054 115.8886 28.7003 南昌市
360100059 115.8126 28.7442 南昌市
360100061 115.8518 28.687 南昌市
360100062 115.8921 28.6424 南昌市
360100063 115.9084 28.6062 南昌市
360100065 115.9721 28.7031 南昌市
371200052 117.6795 36.229 济南市
370100053 117.0624 36.6868 济南市
370100054 116.9489 36.6447 济南市
370100055 116.9862 36.6114 济南市
370100056 117.1265 36.6734 济南市
371200057 117.7161 36.2049 济南市
371200058 117.6867 36.2171 济南市
370100060 117.1171 36.6300 济南市
370100061 116.9814 36.6819 济南市
370181001 117.532 36.6868 济南市
370125802 117.1673 36.9782 济南市
410100012 113.616563 34.86783 郑州市
410100051 113.64164 34.7525 郑州市
410100052 113.60532 34.74838 郑州市
410100053 113.69031 34.76122 郑州市
410100054 113.65724 34.77134 郑州市
410100062 113.67526 34.80246 郑州市
410100063 113.56746 34.81334 郑州市
410100064 113.7329 34.7178 郑州市
410100065 113.73961 34.77172 郑州市
410184001 113.8374 34.5589 郑州市
410106001 113.30952 34.803229 郑州市
420100019 113.8454 30.2917 武汉市
420100051 114.282 30.6189 武汉市
420100052 114.1566 30.4825 武汉市
420100053 114.2529 30.558 武汉市
420100054 114.3025 30.5332 武汉市
420100055 114.3677 30.5584 武汉市
420100056 114.3646 30.6217 武汉市
420100057 114.3014 30.5944 武汉市
420100076 114.135 30.6319 武汉市
420100077 114.3877 30.4908 武汉市
430100011 112.9581 28.3611 长沙市
430100052 113.0014 28.1944 长沙市
430100053 113.0178 28.1322 长沙市
430100054 112.9394 28.19 长沙市
430100055 112.9792 28.2597 长沙市
430100070 113.0792 28.2053 长沙市
430100071 112.8872 28.2189 长沙市
430100072 113.0833 28.2325 长沙市
430100073 112.9844 28.1178 长沙市
430100074 112.8908 28.1308 长沙市
440100001 113.443 23.3035 广州市
440100051 113.2347 23.1423 广州市
440100057 113.2597 23.1331 广州市
440100063 113.2765 23.1544 广州市
440100064 113.2612 23.105 广州市
440100074 113.3221 23.1322 广州市
440100088 113.3478 23.0916 广州市
440100089 113.4332 23.1047 广州市
440100090 113.3505 22.9483 广州市
440100091 113.2146 23.3916 广州市
440100092 113.5618 23.312 广州市
440100920 113.2981 23.237 广州市
440100921 113.4256 23.1716 广州市
440100924 113.5342 22.7896 广州市
440111003 113.3472 23.3692 广州市
440113001 113.3942 23.0483 广州市
440114403 113.2902 23.5544 广州市
440115005 113.4922 22.8168 广州市
440117004 113.7858 23.7478 广州市
440117012 113.5717 23.5491 广州市
440118001 113.8051 23.2614 广州市
450100010 108.4394 22.7904 南宁市
450100051 108.3103 22.7881 南宁市
450100052 108.3141 22.8528 南宁市
450100054 108.3206 22.8225 南宁市
450100057 108.2397 22.8467 南宁市
450100058 108.4834 22.7618 南宁市
450100124 108.3275 22.735 南宁市
450100125 108.3829 22.8037 南宁市
450100126 108.2257 22.7757 南宁市
460100001 110.576 19.9507 海口市
460100051 110.33 20.0356 海口市
460100052 110.3232 20.0574 海口市
460100053 110.283 20.0053 海口市
460100054 110.338 19.9969 海口市
460100626 110.5111 19.9736 海口市
500000010 106.3787 29.8279 重庆市
500000105 105.5933 29.4105 重庆市
500000111 106.5777 29.5102 重庆市
500000116 106.2628 29.32 重庆市
500000117 106.2649 29.9851 重庆市
500000120 106.2339 29.5559 重庆市
500000130 106.4213 29.8253 重庆市
500000135 106.6263 29.7228 重庆市
500000140 106.4782 29.4875 重庆市
500000145 106.5093 29.3917 重庆市
500000153 106.6556 29.6277 重庆市
500000156 106.3754 29.4572 重庆市
500000164 106.2953 29.5983 重庆市
500000166 106.5616 29.6453 重庆市
500000168 106.6349 29.4906 重庆市
500000172 106.6205 29.7166 重庆市
500000174 106.4522 29.7091 重庆市
500000175 106.4958 29.5346 重庆市
500000176 106.4037 29.5728 重庆市
500000177 106.5507 29.4153 重庆市
500000178 106.5468 29.5654 重庆市
500000206 105.7167 29.7076 重庆市
500000209 105.9017 29.3569 重庆市
500000215 107.3535 29.7287 重庆市
500000219 108.3872 31.1628 重庆市
500000221 107.7983 30.6758 重庆市
500000223 107.0944 29.1608 重庆市
500000224 106.0499 29.8342 重庆市
500000228 106.6479 29.0244 重庆市
500000230 108.7661 29.5368 重庆市
500000231 108.815 29.5081 重庆市
500000237 105.8390 30.1946 重庆市
500000243 108.3679 30.8426 重庆市
500000244 108.4319 30.7555 重庆市
500000250 107.7541 29.3277 重庆市
500000258 107.0732 29.8617 重庆市
510100008 103.6202 31.0201 成都市
510100051 104.0431 30.6556 成都市
510100054 104.1122 30.6306 成都市
510100061 104.0106 30.6931 成都市
510100063 103.8458 30.6994 成都市
510100065 104.2394 30.5319 成都市
510100066 104.3853 30.7453 成都市
510100067 104.0789 30.4072 成都市
510100068 104.0578 30.5225 成都市
510100073 104.0594 30.5767 成都市
510100074 104.1419 30.6764 成都市
510100075 103.9728 30.7236 成都市
510100078 104.0219 30.6558 成都市
510100079 104.2725 30.5589 成都市
520100051 106.674 26.5424 贵阳市
520100052 106.6971 26.5694 贵阳市
520100053 106.7164 26.5699 贵阳市
520100054 106.7109 26.6027 贵阳市
520100055 106.6899 26.5998 贵阳市
520100056 106.694 26.5161 贵阳市
520100057 106.6555 26.4365 贵阳市
520100058 106.6243 26.6266 贵阳市
520100059 106.7487 26.6343 贵阳市
530100049 102.6251 24.9608 昆明市
530100051 102.5967 24.6736 昆明市
530100052 102.6644 25.0401 昆明市
530100053 102.6678 24.9856 昆明市
530100055 102.7252 25.0902 昆明市
530100056 102.7266 25.0375 昆明市
530100057 102.6742 25.0669 昆明市
530100058 102.8204 24.8886 昆明市
530100059 102.7494 25.0119 昆明市
530100060 102.8017 24.8336 昆明市
530100061 102.7997 24.9786 昆明市
540100051 91.0874 29.6475 拉萨市
540100052 91.1319 29.6514 拉萨市
540100053 91.1221 29.6747 拉萨市
540100054 91.1774 29.6541 拉萨市
540100055 91.0834 29.6292 拉萨市
540100056 90.9798 29.6588 拉萨市
610100001 108.869 34.378 西安市
610100052 108.993 34.2629 西安市
610100053 108.935 34.3474 西安市
610100054 108.906 34.1546 西安市
610100055 108.954 34.2713 西安市
610100057 109.2186 34.3731 西安市
610100059 108.882 34.2749 西安市
610100061 108.985 34.1978 西安市
610100062 109.051 34.3213 西安市
610100091 109.06 34.2572 西安市
610100092 108.9356 34.2173 西安市
610100093 108.8922 34.2322 西安市
610125051 108.6116 34.1164 西安市
610126051 109.09 34.5236 西安市
620100051 103.8412 36.0726 兰州市
620100052 103.831 36.0464 兰州市
620100054 103.631 36.1031 兰州市
620100055 103.7158 36.1058 兰州市
620100603 103.7439 36.0842 兰州市
620100618 103.6633 36.533 兰州市
620121620 103.6975 36.4789 兰州市
620123613 103.9611 35.998 兰州市
630100085 101.7775 36.6428 西宁市
630100087 101.8305 36.5786 西宁市
630100088 101.7413 36.6397 西宁市
640100001 105.9512 38.6016 银川市
640100059 106.2328 38.4975 银川市
640100060 106.1358 38.5036 银川市
640100061 106.2757 38.4842 银川市
640100062 106.2266 38.4418 银川市
640100063 106.1015 38.497 银川市
640100064 106.5105 38.3856 银川市
650100002 87.4754 43.9469 乌鲁木齐市
650100051 87.6046 43.768 乌鲁木齐市
650100055 87.5801 43.8303 乌鲁木齐市
650100056 87.5525 43.8711 乌鲁木齐市
650100071 87.6432 43.831 乌鲁木齐市
650100091 87.7216 44.1747 乌鲁木齐市
650100092 87.4651 43.4569 乌鲁木齐市
650105302 87.7024 43.8004 乌鲁木齐市
650106301 87.4921 43.8411 乌鲁木齐市
650107216 88.3118 43.3658 乌鲁木齐市
650109202 87.6162 43.8801 乌鲁木齐市
360400049 115.9773 29.5698 九江市
360400051 115.9872 29.6815 九江市
360400052 115.9584 29.7046 九江市
360400053 115.9877 29.7295 九江市
360400061 116.0172 29.6547 九江市
360400063 115.9114 29.6038 九江市
360400064 116.0721 29.7535 九江市
360400065 116.0254 29.6994 九江市
231200471 126.9785 46.6365 绥化市
231200472 126.964 46.6528 绥化市
230600061 124.81117 46.03138 大庆市
230600062 125.129 46.533 大庆市
230600063 124.902 46.408 大庆市
230600081 125.153 46.586 大庆市
230600082 124.9042 46.6215 大庆市
230600083 125.141 46.634 大庆市
230200401 123.9305 47.3636 齐齐哈尔市
230200402 123.9488 47.3386 齐齐哈尔市
230200403 123.9483 47.3227 齐齐哈尔市
230200405 123.945 47.2988 齐齐哈尔市
230200407 123.6333 47.2075 齐齐哈尔市
220200100 126.4739 43.953 吉林市
220200102 126.54 43.8622 吉林市
220200103 126.5844 43.8358 吉林市
220200104 126.5052 43.8245 吉林市
220200105 126.6133 43.8972 吉林市
220200115 126.555 43.8306 吉林市
220300131 124.4002 43.1713 四平市
220300136 124.388 43.193 四平市
220300137 124.3419 43.1666 四平市
220303001 124.4036 43.1411 四平市
220400404 125.1358 42.8845 辽源市
220400406 125.0764 42.9078 辽源市
440700001 113.0828 22.5947 江门市
44070051 113.1064 22.6058 江门市
44070053 113.0731 22.5835 江门市
44070054 113.0219 22.5311 江门市
440704001 113.1075 22.5647 江门市
440705001 113.05 22.4667 江门市
442000010 113.4411 22.4853 中山市
442000051 113.3769 22.5211 中山市
442000052 113.3881 22.5497 中山市
442000053 113.4075 22.5111 中山市
442000915 113.3528 22.478 中山市
440400052 113.5814 22.2618 珠海市
440400053 113.4881 22.2335 珠海市
440400054 113.628 22.4251 珠海市
440400055 113.299 22.2281 珠海市
440400902 113.3494 22.0569 珠海市
440404901 113.5433 22.1163 珠海市
440600401 113.1294 23.0067 佛山市
440600402 113.1083 23.0478 佛山市
440600404 113.144 23.0453 佛山市
440600405 113.2881 22.8094 佛山市
440600407 112.8383 22.8678 佛山市
440600408 112.8836 23.1588 佛山市
440600409 112.867 23.185 佛山市
440600455 113.2544 22.7642 佛山市
441200001 112.4753 23.1 肇庆市
441200401 112.4267 23.0706 肇庆市
441200402 112.4645 23.0475 肇庆市
441200404 112.5544 23.1522 肇庆市
441203004 112.5617 23.2083 肇庆市
441204001 112.4575 23.0166 肇庆市
320200102 120.245 31.5631 无锡市
320200103 120.294 31.56 无锡市
320200104 120.354 31.5475 无锡市
320200107 120.3489 31.5863 无锡市
320200108 120.242 31.5031 无锡市
320200109 120.299 31.6817 无锡市
320200110 120.275 31.6219 无锡市
320200111 120.269 31.4867 无锡市
320200113 120.3142 31.4753 无锡市
320500001 120.561 31.2472 苏州市
320500057 120.591 31.3019 苏州市
320500058 120.596 31.3264 苏州市
320500060 120.613 31.2703 苏州市
320500061 120.543 31.2994 苏州市
320500062 120.669 31.3097 苏州市
320500063 120.641 31.3708 苏州市
320500065 120.7430 31.3188 苏州市
320500066 120.5031 31.2774 苏州市
320500067 120.6505 31.416 苏州市
320500068 120.624 31.1733 苏州市
320400101 119.9633 31.762 常州市
320400104 119.9468 31.7069 常州市
320400105 119.9255 31.9087 常州市
320400108 119.9805 31.8174 常州市
320400109 120.0522 31.7748 常州市
320400110 119.9025 31.7964 常州市
320400111 119.8598 31.7066 常州市
320400112 119.5826 31.7245 常州市
340600413 116.8004 33.975 淮北市
340600414 116.8091 33.9007 淮北市
340600416 116.7856 33.9477 淮北市
340600452 116.8873 33.9836 淮北市
341300523 116.9509 33.666 宿州市
341300524 116.9708 33.591 宿州市
341300526 116.9884 33.6305 宿州市
341300527 116.9648 33.6252 宿州市
341100471 118.3093 32.3153 滁州市
341100472 118.3244 32.2786 滁州市
341100478 118.3118 32.3038 滁州市
341100479 118.3267 32.2634 滁州市
130200052 118.1869 39.622 唐山市
130200053 118.1725 39.6334 唐山市
130200054 118.1705 39.6506 唐山市
130200056 118.4359 39.2762 唐山市
130200058 118.1436 39.6202 唐山市
130200059 118.2059 39.6585 唐山市
130200088 118.131 39.6363 唐山市
130204100 118.4367 39.7381 唐山市
130205100 118.245 39.6694 唐山市
130207100 118.0928 39.5809 唐山市
130208100 118.1562 39.8322 唐山市
130400052 114.5302 36.6116 邯郸市
130400053 114.4918 36.5713 邯郸市
130400054 114.484 36.6133 邯郸市
130400100 114.7895 36.5593 邯郸市
130406101 114.2002 36.4429 邯郸市
130429100 114.5063 36.7718 邯郸市
130500351 114.4704 37.0886 邢台市
130500401 114.5062 37.0349 邢台市
130500405 114.4725 37.0719 邢台市
130500406 114.5237 37.0851 邢台市
130600051 115.4323 38.8697 保定市
130600060 115.5086 38.8639 保定市
130600061 115.4612 38.8416 保定市
130600062 115.4713 38.9108 保定市
130600063 115.5213 38.8959 保定市
130600064 115.493 38.8632 保定市
130607100 115.3198 38.9521 保定市
130608100 115.4769 38.7641 保定市
130609100 115.6291 39.0231 保定市
410500055 114.3551 36.1017 安阳市
410500056 114.361 36.0681 安阳市
410500059 114.3922 36.0878 安阳市
410500060 114.4705 36.0637 安阳市
410500061 114.2917 36.0949 安阳市
410900401 115.0312 35.7636 濮阳市
410900403 115.0574 35.7609 濮阳市
410900404 115.0866 35.7754 濮阳市
410900405 115 35.7668 濮阳市
410800056 113.2269 35.2127 焦作市
410800062 113.2725 35.2071 焦作市
410800063 113.1656 35.2539 焦作市
410800064 113.3137 35.2641 焦作市
410800065 113.2465 35.2373 焦作市
410700401 113.836 35.311 新乡市
410700402 113.884 35.272 新乡市
410700403 113.883 35.303 新乡市
410700404 113.9194 35.2847 新乡市
410700406 113.9135 35.3327 新乡市
410704007 113.9003 35.372 新乡市
