code           lon     lat   city
110000041 116.2202 40.2915 北京市
110000244 116.4174 39.9289 北京市
110000245 116.4072 39.8863 北京市
110000246 116.3966 39.9821 北京市
110000247 116.462 39.9365 北京市
110000249 116.184 39.9136 北京市
110000250 116.3392 39.9295 北京市
110000251 116.2878 39.9611 北京市
110000252 116.3621 39.8784 北京市
110000253 116.6636 40.135 北京市
110000254 116.6275 40.3275 北京市
110000255 116.2296 40.217 北京市
120000005 117.157 38.9194 天津市
120000062 117.1444 39.1661 天津市
120000095 117.237 39.1082 天津市
120000104 117.202 39.0927 天津市
120000123 117.7918 39.2474 天津市
120000137 117.457 38.8394 天津市
120000143 117.707 39.0343 天津市
120000168 117.307 39.0877 天津市
120000176 117.3747 38.9846 天津市
120000186 117.1837 39.2133 天津市
120000302 117.764 39.1587 天津市
120000306 117.1589 39.0845 天津市
120000307 117.1941 39.1067 天津市
120000308 117.3876 39.1488 天津市
120000309 117.2101 39.1699 天津市
130100001 114.3524 37.8911 石家庄市
130100052 114.4422 38.0444 石家庄市
130100053 114.509 38.0457 石家庄市
130100054 114.6063 38.0266 石家庄市
130100055 114.4898 38.1328 石家庄市
130100056 114.4586 38.0058 石家庄市
130100057 114.5331 38.0178 石家庄市
130100063 114.5481 38.0378 石家庄市
130200052 118.1869 39.622 唐山市
130200053 118.1725 39.6334 唐山市
130200054 118.1705 39.6506 唐山市
130200088 118.131 39.6363 唐山市
130300053 119.5897 39.9499 秦皇岛市
130300054 119.5134 39.8207 秦皇岛市
130300056 119.7493 40.0116 秦皇岛市
130300058 119.5251 39.9041 秦皇岛市
130300059 119.610547 39.943889 秦皇岛市
130400052 114.5302 36.6116 邯郸市
130400053 114.4918 36.5713 邯郸市
130400054 114.484 36.6133 邯郸市
130500351 114.4704 37.0886 邢台市
130500401 114.5062 37.0349 邢台市
130500405 114.4725 37.0719 邢台市
130500406 114.5237 37.0851 邢台市
130600060 115.5086 38.8639 保定市
130600061 115.4612 38.8416 保定市
130600062 115.4713 38.9108 保定市
130600063 115.5213 38.8959 保定市
130600064 115.493 38.8632 保定市
130700001 114.8916 40.8661 张家口市
130700401 114.8883 40.8336 张家口市
130700403 114.8687 40.8042 张家口市
130700407 114.8902 40.762 张家口市
130700408 114.879 40.7993 张家口市
130800001 117.9268 41.0026 承德市
130800401 117.9531 40.9081 承德市
130800402 117.9392 40.9763 承德市
130800407 117.9503 40.928 承德市
130800409 117.8051 40.9655 承德市
130900401 116.8709 38.3228 沧州市
130900402 116.8842 38.2991 沧州市
130900403 116.8584 38.3254 沧州市
131000402 116.6708 39.5111 廊坊市
131000403 116.7214 39.5589 廊坊市
131000408 116.7244 39.5269 廊坊市
131000409 116.7022 39.5453 廊坊市
131100401 115.6838 37.7541 衡水市
131100402 115.6303 37.7316 衡水市
140100001 112.434 38.0108 太原市
140100053 112.5139 37.8873 太原市
140100056 112.549 37.9854 太原市
140100057 112.5369 37.8692 太原市
140100059 112.57 37.8195 太原市
140100062 112.5583 37.7394 太原市
140100063 112.469 37.7124 太原市
140200083 113.2994 40.0758 大同市
140200086 113.3444 40.0917 大同市
140200087 113.2661 40.1269 大同市
140200088 113.2711 40.0844 大同市
140300051 113.5758 37.8572 阳泉市
140300052 113.4894 37.8731 阳泉市
140300053 113.5819 37.8486 阳泉市
140300055 113.5614 37.8703 阳泉市
140300057 113.5158 37.8392 阳泉市
140400051 113.1147 36.1547 长治市
140400052 113.1031 36.1989 长治市
140400055 113.0886 36.2125 长治市
140400056 113.0844 36.1856 长治市
140400057 113.1569 36.1911 长治市
140500051 112.85 35.5051   晋城市
140500052 112.8318 35.4936 晋城市
140500053 112.8508 35.4887 晋城市
140500054 112.8676 35.4897 晋城市
140600052 112.4397 39.3522 朔州市
140600053 112.4575 39.3617 朔州市
140600054 112.4258 39.3197 朔州市
140600055 112.4072 39.3278 朔州市
140600056 112.4272 39.3681 朔州市
140700051 112.7532 37.6945 晋中市
140700053 112.7249 37.7067 晋中市
140700054 112.6991 37.6982 晋中市
140700055 112.7195 37.6828 晋中市
140800091 110.9956 35.0147 运城市
140800095 110.9686 35.0303 运城市
140800096 111.0414 35.1147 运城市
140900104 112.7383 38.4519 忻州市
140900106 112.7003 38.4928 忻州市
141000069 111.5531 36.0783 临汾市
141000071 111.5028 36.0714 临汾市
141000073 111.5018 36.0855 临汾市
141000075 111.505 36.1014  临汾市
141100051 111.1406 37.5211 吕梁市
141100053 111.1297 37.5136 吕梁市
141100054 111.1283 37.51   吕梁市
150100051 111.6572 40.8033 呼和浩特市
150100054 111.7516 40.8369 呼和浩特市
150100055 111.7276 40.8062 呼和浩特市
150100056 111.6507 40.7517 呼和浩特市
150100057 111.5512 40.7866 呼和浩特市
150100058 111.717 40.7612  呼和浩特市
150200082 109.8756 40.6532 包头市
150200084 109.9991 40.5842 包头市
150200085 109.8538 40.6821 包头市
150200086 109.8642 40.6288 包头市
150200087 110.0377 40.5546 包头市
150300462 106.8174 39.6973 乌海市
150300463 106.7907 39.6667 乌海市
150400441 118.9233 42.2816 赤峰市
150400442 118.9576 42.2728 赤峰市
150400446 118.8788 42.2554 赤峰市
150400448 119.2658 42.0353 赤峰市
150500808 122.2532 43.6801 通辽市
150600551 110.0023 39.8129 鄂尔多斯市
150600554 109.9486 39.8261 鄂尔多斯市
150600555 109.7736 39.5986 鄂尔多斯市
150600556 109.8119 39.5989 鄂尔多斯市
150600557 109.9734 39.7884 鄂尔多斯市
150700131 119.7594 49.2261 呼伦贝尔市
150700133 119.7512 49.1577 呼伦贝尔市
150800566 107.4212 40.761 巴彦淖尔市
150800567 107.37 40.7372 巴彦淖尔市
150900850 113.1306 40.9923 乌兰察布市
150900852 113.1076 41.0385 乌兰察布市
152200526 122.0392 46.0656 兴安盟
152200527 121.9504 46.0741 兴安盟
152200528 122.0931 46.0707 兴安盟
152500819 116.1042 43.9317 锡林郭勒盟
152500820 116.0781 43.9311 锡林郭勒盟
152900012 105.6467 38.8363 阿拉善盟
152900051 105.6985 38.8411 阿拉善盟
152900052 105.724 38.8516 阿拉善盟
210100100 123.5903 41.8411 沈阳市
210100102 123.4231 41.6989 沈阳市
210100103 123.3783 41.9228 沈阳市
210100104 123.505 41.7406 沈阳市
210100105 123.2444 41.7347 沈阳市
210100106 123.5953 41.9086 沈阳市
21010096 123.4017 41.7972 沈阳市
21010097 123.4678 41.7867 沈阳市
21010098 123.4114 41.7653 沈阳市
21010099 123.4264 41.8467 沈阳市
210200051 121.612 38.9741 大连市
210200052 121.565 38.9511 大连市
210200053 121.5637 38.8845 大连市
210200054 121.6302 38.9117 大连市
210200055 121.6251 38.8638 大连市
210200056 121.5213 38.8661 大连市
210200057 121.2529 38.8061 大连市
210200058 121.7485 39.1311 大连市
210200059 121.7811 39.0496 大连市
210200060 121.9762 39.0631 大连市
210300051 123.044 41.1196 鞍山市
210300052 123.011 41.0931 鞍山市
210300053 123.0485 41.1442 鞍山市
210300054 122.9642 41.0971 鞍山市
210300055 123.022 41.0821 鞍山市
210300080 122.9341 41.0833 鞍山市
210400051 123.9247 41.8642 抚顺市
210400052 123.9161 41.8822 抚顺市
210400053 124.0436 41.8611 抚顺市
210400054 124.0972 41.8961 抚顺市
210400055 123.7977 41.8491 抚顺市
210400056 123.7086 41.8391 抚顺市
210500355 123.8275 41.3064 本溪市
210500405 123.7567 41.3325 本溪市
210500410 123.7169 41.3094 本溪市
210500420 123.7669 41.2864 本溪市
210500425 123.7992 41.2664 本溪市
210500435 123.8142 41.3472 本溪市
210600401 124.3303 40.0625 丹东市
210600402 124.4256 40.1503 丹东市
210600403 124.3933 40.1461 丹东市
210600404 124.3633 40.1092 丹东市
210700351 121.1115 41.0879 锦州市
210700402 121.0533 40.8434 锦州市
210700403 121.1836 41.1119 锦州市
210700404 121.1178 41.1222 锦州市
210700405 121.1303 41.1386 锦州市
210800403 122.2703 40.7094 营口市
210800405 122.215 40.6511 营口市
210800409 122.167 40.6655 营口市
210900411 121.6094 41.998 阜新市
210900412 121.6697 42.0279 阜新市
210900413 121.6673 42.0705 阜新市
210900414 121.6717 42.0224 阜新市
210900415 121.6506 42.0498 阜新市
211000405 123.2 41.1953 辽阳市
211000406 123.1683 41.2495 辽阳市
211000407 123.2354 41.2639 辽阳市
211000408 123.149 41.2991 辽阳市
211100401 122.0303 41.1489 盘锦市
211100402 122.0485 41.0883 盘锦市
211100407 121.8297 41.1028 盘锦市
211200401 123.8139 42.3022 铁岭市
211200405 123.8649 42.2923 铁岭市
211200411 123.8486 42.2867 铁岭市
211200412 123.7153 42.2217 铁岭市
211300751 120.4318 41.5881 朝阳市
211300752 120.4521 41.5646 朝阳市
211300753 120.4176 41.5648 朝阳市
211300754 120.3806 41.5969 朝阳市
211400051 120.9092 40.7136 葫芦岛市
211400052 120.8392 40.7514 葫芦岛市
211400053 120.8341 40.7073 葫芦岛市
211400054 120.8695 40.7677 葫芦岛市
220100051 125.3325 43.9166 长春市
220100052 125.2863 43.9027 长春市
220100053 125.2841 43.8463 长春市
220100054 125.3716 43.8772 长春市
220100055 125.3297 43.8805 长春市
220100056 125.4605 43.79 长春市
220100057 125.245 43.7783 长春市
220100058 125.1761 43.8325 长春市
220100059 125.3863 43.8447 长春市
220200100 126.4739 43.953 吉林市
220200102 126.54 43.8622 吉林市
220200103 126.5844 43.8358 吉林市
220200104 126.5052 43.8245 吉林市
220200105 126.6133 43.8972 吉林市
220200115 126.555 43.8306 吉林市
220300131 124.4002 43.1713 四平市
220300136 124.388 43.193 四平市
220400404 125.1358 42.8845 辽源市
220500411 125.9358 41.7173 通化市
220500412 125.9446 41.7325 通化市
220600423 126.4219 41.9171 白山市
220600424 126.4077 41.9419 白山市
220700431 124.8006 45.1214 松原市
220700432 124.7965 45.1722 松原市
220800453 122.7911 45.6077 白城市
220800454 122.8738 45.5725 白城市
222400447 129.47 42.8883 延边朝鲜族自治州
222400448 129.5055 42.9108 延边朝鲜族自治州
222400449 129.3964 42.8881 延边朝鲜族自治州
230100001 126.5422 45.755 哈尔滨市
230100061 126.689 45.7733 哈尔滨市
230100073 126.6411 45.7258 哈尔滨市
230100081 126.635 45.7667 哈尔滨市
230100083 126.685 45.7319 哈尔滨市
230100084 126.593 45.7478 哈尔滨市
230100085 126.615 45.61 哈尔滨市
230100086 126.561 45.8167 哈尔滨市
230100087 126.979 45.5419 哈尔滨市
23010088 126.595 45.9855 哈尔滨市
23010089 126.6206 45.6842 哈尔滨市
230200401 123.9305 47.3636 齐齐哈尔市
230200402 123.9488 47.3386 齐齐哈尔市
230200403 123.9483 47.3227 齐齐哈尔市
230200405 123.945 47.2988 齐齐哈尔市
230300001 130.9429 45.3039 鸡西市
230300411 130.9762 45.3001 鸡西市
230400001 130.1097 47.3382 鹤岗市
230400051 130.2537 47.3416 鹤岗市
230400052 130.2684 47.3086 鹤岗市
230400081 130.3114 47.3388 鹤岗市
230500001 131.12 46.5656 双鸭山市
230500421 131.1511 46.6937 双鸭山市
230500422 131.1652 46.6191 双鸭山市
230500426 131.1524 46.6554 双鸭山市
230600061 124.81117 46.03138 大庆市
230600062 125.129 46.533 大庆市
230600063 124.902 46.408 大庆市
230600081 125.153 46.586 大庆市
230600082 124.9042 46.6215 大庆市
230700050 129.5029 48.471 伊春市
230700051 128.5159 47.4311 伊春市
230700052 128.9102 47.7412 伊春市
230800001 130.3794 46.7588 佳木斯市
230800431 130.2751 46.8028 佳木斯市
230800435 130.3995 46.8307 佳木斯市
230800437 130.3258 46.7975 佳木斯市
230800438 130.3648 46.8032 佳木斯市
230900001 131.0518 45.8751 七台河市
231000355 129.61 44.561 牡丹江市
231000441 129.6115 44.5782 牡丹江市
231000442 129.5904 44.5963 牡丹江市
231000443 129.6364 44.6075 牡丹江市
231000444 129.6386 44.5462 牡丹江市
231102001 127.5291 50.2472 黑河市
231102461 127.4833 50.2524 黑河市
231102462 127.5144 50.2341 黑河市
231200471 126.9785 46.6365 绥化市
231200472 126.964 46.6528 绥化市
232700402 124.1069 50.4097 大兴安岭地区
310000051 121.4 31.238 上海市
310000052 121.536 31.2659 上海市
310000053 121.478 31.2036 上海市
310000055 121.467 31.3008 上海市
310000056 121.425 31.2261 上海市
310000057 121.412 31.1654 上海市
310000058 121.533 31.2284 上海市
310000059 121.577 31.2071 上海市
310000251 121.703 31.1907 上海市
320100051 118.7997 32.0754 南京市
320100052 118.8109 32.0309 南京市
320100053 118.7752 32.0023 南京市
320100054 118.7538 32.0551 南京市
320100055 118.7794 32.0745 南京市
320100056 118.9125 32.1028 南京市
320100057 118.7356 31.9996 南京市
320100058 118.6414 32.0931 南京市
320100068 118.8086 32.1065 南京市
320200102 120.245 31.5631 无锡市
320200103 120.294 31.56 无锡市
320200104 120.354 31.5475 无锡市
320200107 120.3489 31.5863 无锡市
320200108 120.242 31.5031 无锡市
320200109 120.299 31.6817 无锡市
320200110 120.275 31.6219 无锡市
320200111 120.269 31.4867 无锡市
320300051 117.179 34.2761 徐州市
320300052 117.1918 34.2384 徐州市
320300058 117.256 34.2153 徐州市
320300059 117.244 34.2911 徐州市
320300061 117.2933 34.2778 徐州市
320300084 117.1814 34.29 徐州市
320300085 117.1694 34.1781 徐州市
320400101 119.9633 31.762 常州市
320400104 119.9468 31.7069 常州市
320400105 119.9255 31.9087 常州市
320400108 119.9805 31.8174 常州市
320400109 120.0522 31.7748 常州市
320400110 119.9025 31.7964 常州市
320500001 120.561 31.2472 苏州市
320500057 120.591 31.3019 苏州市
320500058 120.596 31.3264 苏州市
320500060 120.613 31.2703 苏州市
320500061 120.543 31.2994 苏州市
320500062 120.669 31.3097 苏州市
320500063 120.641 31.3708 苏州市
320600005 120.9098 31.9663 南通市
320600073 120.86 32.0005 南通市
320600074 120.87 32.02 南通市
320600077 120.94 31.93 南通市
320600078 120.81 32.0417 南通市
320700052 119.176 34.5885 连云港市
320700057 119.3581 34.6972 连云港市
320700058 119.3608 34.7519 连云港市
320700059 119.1478 34.5911 连云港市
320800401 119.036 33.5981 淮安市
320800402 119.007 33.575 淮安市
320800403 118.989 33.6067 淮安市
320800412 119.0186 33.6297 淮安市
320800413 119.135 33.5039 淮安市
320900401 120.118 33.4022 盐城市
320900402 120.156 33.3942 盐城市
320900406 120.2144 33.38 盐城市
320900407 120.1544 33.3663 盐城市
321000408 119.389 32.3761 扬州市
321000411 119.447 32.4155 扬州市
321100352 119.4303 32.1328 镇江市
321100408 119.4424 32.1873 镇江市
321100412 119.4974 32.1968 镇江市
321100413 119.6707 32.1875 镇江市
321200405 119.905 32.4878 泰州市
321200406 119.9189 32.4625 泰州市
321200408 119.888 32.4639 泰州市
321200409 119.8767 32.3289 泰州市
321300402 118.293 33.9528 宿迁市
321300406 118.2442 33.9592 宿迁市
321300409 118.283 33.965 宿迁市
330100051 120.1197 30.3119 杭州市
330100053 120.1903 30.2692 杭州市
330100055 120.1269 30.2456 杭州市
330100056 120.3461 30.3153 杭州市
330100057 120.0883 30.1808 杭州市
330100058 120.2697 30.1819 杭州市
330100059 120.3019 30.4183 杭州市
330100060 120.0633 30.2747 杭州市
330100062 120.2072 30.2111 杭州市
330200051 121.5856 29.8635 宁波市
330200053 121.524 29.8674 宁波市
330200054 121.713 29.9572 宁波市
330200056 121.56 29.82 宁波市
330200057 121.633 29.7733 宁波市
330200058 121.8358 29.911 宁波市
330200060 121.6147 29.9017 宁波市
330300051 120.6709 28.0167 温州市
330300053 120.634 28.0089 温州市
330300054 120.76 27.9747 温州市
330300055 120.6748 27.9939 温州市
330400052 120.726 30.7478 嘉兴市
330400053 120.7436 30.778 嘉兴市
330400054 120.7846 30.7525 嘉兴市
330500053 120.0751 30.8669 湖州市
330500054 120.1844 30.8596 湖州市
330500408 120.0875 30.8955 湖州市
330600053 120.6053 29.9928 绍兴市
330600054 120.5483 30.0003 绍兴市
330700402 119.6856 29.1028 金华市
330700403 119.6475 29.0769 金华市
330800351 118.8709 28.9666 衢州市
330800401 118.8692 28.9398 衢州市
330800403 118.8621 28.9808 衢州市
330900401 122.3094 29.9558 舟山市
330900402 122.122 30.0203 舟山市
330900404 122.19 29.9944 舟山市
331000051 121.419 28.6542 台州市
331000052 121.377 28.5773 台州市
331000053 121.273 28.6459 台州市
331100401 119.914 28.4514 丽水市
331100402 119.93 28.4586 丽水市
331100601 119.879 28.4231 丽水市
340100030 117.1604 31.9052 合肥市
340100051 117.3072 31.8764 合肥市
340100052 117.25 31.8571 合肥市
340100053 117.2588 31.8707 合肥市
340100054 117.1959 31.7848 合肥市
340100201 117.266 31.9436 合肥市
340100202 117.336 31.8586 合肥市
340100203 117.3027 31.7964 合肥市
340100204 117.2776 31.7385 合肥市
340100205 117.1318 31.8403 合肥市
340200444 118.3606 31.3519 芜湖市
340200445 118.3714 31.4134 芜湖市
340200446 118.3673 31.3131 芜湖市
340300355 117.396 32.939 蚌埠市
340300422 117.3605 32.9427 蚌埠市
340300425 117.4185 32.8911 蚌埠市
340300426 117.3533 32.9673 蚌埠市
340300427 117.3145 32.8977 蚌埠市
340400001 116.6325 32.6201 淮南市
340400524 116.8305 32.7727 淮南市
340400525 117.0067 32.6524 淮南市
340400526 116.8569 32.5951 淮南市
340400527 116.8281 32.633 淮南市
340500010 118.6245 31.7241 马鞍山市
340500105 118.5092 31.6837 马鞍山市
340500106 118.5024 31.6449 马鞍山市
340500107 118.5228 31.7231 马鞍山市
340600413 116.8004 33.975 淮北市
340600414 116.8091 33.9007 淮北市
340700431 117.8177 30.9412 铜陵市
340700432 117.8059 30.9273 铜陵市
340700433 117.7807 30.9413 铜陵市
340700434 117.7439 30.8792 铜陵市
340700435 117.846 30.9413 铜陵市
340700436 117.8483 30.97 铜陵市
340800020 116.9896 30.6145 安庆市
340800080 117.0809 30.5177 安庆市
340800085 117.0331 30.5119 安庆市
341000491 118.2903 29.6963 黄山市
341000492 118.327 29.7178 黄山市
341000494 118.1371 30.2756 黄山市
341100471 118.3093 32.3153 滁州市
341100472 118.3244 32.2786 滁州市
341200461 115.8277 32.8929 阜阳市
341200466 115.8554 32.8605 阜阳市
341200467 115.784 32.8892 阜阳市
341500211 116.5079 31.737 六安市
341500212 116.4738 31.7643 六安市
341500213 116.4996 31.7905 六安市
341500214 116.5567 31.7886 六安市
341600511 115.8072 33.8399 亳州市
341600512 115.7789 33.8518 亳州市
341700515 117.47 30.6618 池州市
341800370 118.7581 30.9454 宣城市
341800500 118.7385 30.9743 宣城市
341800501 118.7173 30.9427 宣城市
350100052 119.317 26.0746 福州市
350100058 119.2984 26.1028 福州市
350100061 119.2681 26.0504 福州市
350100062 119.2648 26.0768 福州市
350100064 119.5799 26.0936 福州市
350200071 118.0661 24.4444 厦门市
350200075 118.1514 24.4767 厦门市
350200076 118.0936 24.5058 厦门市
350300051 119.0141 25.4325 莆田市
350300052 119.0015 25.4553 莆田市
350300053 119.1119 25.4561 莆田市
350300054 119.1013 25.3215 莆田市
350400094 117.6211 26.2625 三明市
350400111 117.635 26.2714 三明市
350400112 117.6028 26.2378 三明市
350500051 118.5819 24.9117 泉州市
350500052 118.5972 24.8978 泉州市
350500053 118.6663 24.9424 泉州市
350600448 117.7116 24.506 漳州市
350700051 118.1681 26.6369 南平市
350700052 118.1825 26.6489 南平市
350700053 118.1756 26.6272 南平市
350800463 117.0217 25.1033 龙岩市
350800467 117.0196 25.0306 龙岩市
350800468 117.0258 25.0661 龙岩市
350900052 119.5388 26.6612 宁德市
360100002 115.7423 28.7996 南昌市
360100052 115.9314 28.6842 南昌市
360100053 115.8931 28.6843 南昌市
360100054 115.8886 28.7003 南昌市
360100059 115.8126 28.7442 南昌市
360100061 115.8518 28.687 南昌市
360100062 115.8921 28.6424 南昌市
360100063 115.9084 28.6062 南昌市
360200003 117.3102 29.3867 景德镇市
360200051 117.2117 29.2933 景德镇市
360200052 117.1894 29.2789 景德镇市
360200053 117.2461 29.2956 景德镇市
360200054 117.1547 29.2617 景德镇市
360300003 114.0997 27.5002 萍乡市
360300051 113.8385 27.6434 萍乡市
360300053 113.8676 27.6435 萍乡市
360300055 113.8493 27.6253 萍乡市
360300056 113.866 27.6198 萍乡市
360400049 115.9773 29.5698 九江市
360400051 115.9872 29.6815 九江市
360400052 115.9584 29.7046 九江市
360400053 115.9877 29.7295 九江市
360400061 116.0172 29.6547 九江市
360400063 115.9114 29.6038 九江市
360400064 116.0721 29.7535 九江市
360500001 115.0861 27.9317 新余市
360500401 114.9308 27.8036 新余市
360500404 114.9231 27.8246 新余市
360500405 114.9886 27.8431 新余市
360600001 116.9822 28.1136 鹰潭市
360600402 117.0564 28.2642 鹰潭市
360600404 117.0311 28.2475 鹰潭市
360600410 117.0222 28.2264 鹰潭市
360600411 117.0017 28.2131 鹰潭市
362100052 114.8905 25.8471 赣州市
362100054 114.9367 25.8664 赣州市
362100056 114.9461 25.8481 赣州市
362100058 114.9322 25.8333 赣州市
362200402 114.3956 27.7844 宜春市
362200403 114.3703 27.7914 宜春市
362200405 114.4013 27.8074 宜春市
362300001 118.005 28.4572 上饶市
362300401 117.9756 28.4436 上饶市
362300408 117.9519 28.4628 上饶市
362400401 114.9754 27.0803 吉安市
362400402 114.9658 27.0999 吉安市
362400403 114.99 27.1312 吉安市
362400413 115.0093 27.0968 吉安市
362500001 116.2127 28.0814 抚州市
362500402 116.3544 27.9831 抚州市
362500403 116.3565 27.963 抚州市
362500405 116.3564 28.0007 抚州市
362500406 116.385 27.9647 抚州市
370100052 117.0495 36.663 济南市
370100053 117.0624 36.6868 济南市
370100054 116.9489 36.6447 济南市
370100055 116.9862 36.6114 济南市
370100056 117.1265 36.6734 济南市
370100057 116.9376 36.665 济南市
370100058 116.7675 36.5484 济南市
370181001 117.532 36.6868 济南市
370200001 120.6659 36.2403 青岛市
370200077 120.4134 36.0658 青岛市
370200078 120.3664 36.1032 青岛市
370200079 120.2994 36.054 青岛市
370200101 120.4581 36.0858 青岛市
370200102 120.1983 35.9608 青岛市
370200103 120.3999 36.3083 青岛市
370300051 118.0414 36.8103 淄博市
370300053 117.8525 36.4847 淄博市
370300054 117.9592 36.6331 淄博市
370300055 118.3092 36.8194 淄博市
370400051 117.558 34.8438 枣庄市
370400052 117.2852 34.7837 枣庄市
370400053 117.5852 34.7745 枣庄市
370400055 117.4518 35.0992 枣庄市
370500052 118.6614 37.4309 东营市
370500056 118.6904 37.4338 东营市
370600449 121.2514 37.5639 烟台市
370600450 121.3719 37.5433 烟台市
370600451 121.3181 37.5436 烟台市
370600452 121.4478 37.4822 烟台市
370600453 121.2611 37.4967 烟台市
370600461 121.5992 37.4014 烟台市
370700053 119.1437 36.7023 潍坊市
370700062 119.1641 36.6523 潍坊市
370800051 116.6251 35.4302 济宁市
370800053 116.5491 35.4042 济宁市
370900051 117.1437 36.1937 泰安市
370900052 117.0885 36.2017 泰安市
370900053 117.1089 36.1758 泰安市
371000101 122.0508 37.5236 威海市
371000102 122.1067 37.5072 威海市
371000106 122.1214 37.4236 威海市
371081002 122.0693 37.2174 威海市
371100051 119.471 35.4209 日照市
371100052 119.523 35.4216 日照市
371100053 119.5587 35.4044 日照市
371200052 117.6795 36.229 济南市
371200057 117.7161 36.2049 济南市
371200058 117.6867 36.2171 济南市
371300051 118.3429 35.0532 临沂市
371300052 118.295 35.0583 临沂市
371300053 118.2794 34.9976 临沂市
371300054 118.3956 35.0888 临沂市
371400052 116.3032 37.4674 德州市
371400054 116.2991 37.4451 德州市
371400055 116.2721 37.4379 德州市
371500051 115.9848 36.4372 聊城市
371500061 116.0072 36.4343 聊城市
371600052 118.0018 37.3617 滨州市
371600053 117.9776 37.393 滨州市
371700052 115.4747 35.2375 菏泽市
371700056 115.4208 35.2464 菏泽市
410100051 113.64164 34.7525 郑州市
410100052 113.60532 34.74838 郑州市
410100053 113.69031 34.76122 郑州市
410100054 113.65724 34.77134 郑州市
410100062 113.67526 34.80246 郑州市
410100063 113.56746 34.81334 郑州市
410100064 113.7329 34.7178 郑州市
410100065 113.73961 34.77172 郑州市
410200062 114.3389 34.7781 开封市
410200069 114.2885 34.7965 开封市
410300052 112.3931 34.6516 洛阳市
410300054 112.4657 34.6871 洛阳市
410300055 112.494 34.6886 洛阳市
410300056 112.3844 34.623 洛阳市
410300057 112.4267 34.6258 洛阳市
410400053 113.3257 33.742 平顶山市
410400058 113.2919 33.737 平顶山市
410400059 113.182 33.774 平顶山市
410500055 114.3551 36.1017 安阳市
410500056 114.361 36.0681 安阳市
410600401 114.17 35.9019 鹤壁市
410600402 114.2956 35.7511 鹤壁市
410600403 114.2878 35.7306 鹤壁市
410700401 113.836 35.311 新乡市
410700402 113.884 35.272 新乡市
410700403 113.883 35.303 新乡市
410700404 113.9194 35.2847 新乡市
410800056 113.2269 35.2127 焦作市
410900401 115.0312 35.7636 濮阳市
410900403 115.0574 35.7609 濮阳市
410900404 115.0866 35.7754 濮阳市
410900405 115 35.7668 濮阳市
411000403 113.8276 34.0159 许昌市
411000405 113.7906 33.9953 许昌市
411000406 113.8172 34.0339 许昌市
411100101 114.051 33.5699 漯河市
411100102 114.0055 33.5698 漯河市
411100103 114.0138 33.5828 漯河市
411100104 114.0261 33.5698 漯河市
411200403 111.1922 34.7752 三门峡市
411200406 111.1587 34.7942 三门峡市
411200407 111.1911 34.7829 三门峡市
411300351 112.5779 33.0144 南阳市
411300402 112.548 32.9692 南阳市
411300404 112.5339 33.0086 南阳市
411300405 112.5003 32.9735 南阳市
411400401 115.6702 34.4285 商丘市
411400402 115.6458 34.4045 商丘市
411400403 115.6293 34.3948 商丘市
411500351 113.9956 32.1271 信阳市
411500401 114.1099 32.1059 信阳市
411500402 114.0775 32.1195 信阳市
411500403 114.0609 32.1399 信阳市
411600601 114.6613 33.6128 周口市
411600602 114.6758 33.6347 周口市
411600603 114.6546 33.5979 周口市
411600604 114.6369 33.6406 周口市
411700404 114.0189 32.9656 驻马店市
411700405 114.0114 33.015 驻马店市
411700406 113.9976 32.9771 驻马店市
420100019 113.8454 30.2917 武汉市
420100051 114.282 30.6189 武汉市
420100052 114.1566 30.4825 武汉市
420100053 114.2529 30.558 武汉市
420100054 114.3025 30.5332 武汉市
420100055 114.3677 30.5584 武汉市
420100056 114.3646 30.6217 武汉市
420100057 114.3014 30.5944 武汉市
420100076 114.135 30.6319 武汉市
420200051 115.0601 30.2313 黄石市
420200052 115.0817 30.2006 黄石市
420200054 114.8988 30.2019 黄石市
420200055 115.0307 30.2092 黄石市
420300010 111.0419 32.395 十堰市
420300051 110.78 32.6494 十堰市
420300052 110.7258 32.6389 十堰市
420300053 110.8839 32.5714 十堰市
420500053 111.3549 30.6465 宜昌市
420500065 111.2992 30.6981 宜昌市
420500066 111.2628 30.6961 宜昌市
420500067 111.3275 30.7819 宜昌市
420600051 112.155 32.0197 襄阳市
420600056 112.1392 32.0564 襄阳市
420600059 112.1825 32.1142 襄阳市
420600060 112.2106 32.0903 襄阳市
420700051 114.8938 30.3994 鄂州市
420700052 114.8989 30.3714 鄂州市
420800051 112.2014 31.0481 荆门市
420800052 112.1969 30.9891 荆门市
420800053 112.2213 31.0386 荆门市
420800055 112.1849 31.0362 荆门市
420900051 113.9153 30.9285 孝感市
420900052 113.942 30.9075 孝感市
421000052 112.2008 30.3544 荆州市
421000055 112.2494 30.3197 荆州市
421100052 114.9028 30.4742 黄冈市
421100053 114.8858 30.4519 黄冈市
421200010 114.3175 29.8142 咸宁市
421200051 114.3107 29.8454 咸宁市
421200052 114.2936 29.8566 咸宁市
421300051 113.3583 31.7275 随州市
421300052 113.3833 31.6908 随州市
421300053 113.3983 31.7308 随州市
422800051 109.4978 30.2981 恩施土家族苗族自治州
422800052 109.4707 30.2798 恩施土家族苗族自治州
430100011 112.9581 28.3611 长沙市
430100052 113.0014 28.1944 长沙市
430100053 113.0178 28.1322 长沙市
430100054 112.9394 28.19 长沙市
430100055 112.9792 28.2597 长沙市
430100070 113.0792 28.2053 长沙市
430100071 112.8872 28.2189 长沙市
430100072 113.0833 28.2325 长沙市
430100073 112.9844 28.1178 长沙市
430100074 112.8908 28.1308 长沙市
430200021 113.251 27.8336 株洲市
430200022 113.095 27.8867 株洲市
430200023 113.13 27.8528 株洲市
430200024 113.143 27.8381 株洲市
430200025 113.135 27.8244 株洲市
430200026 113.167 27.8667 株洲市
430200056 113.1817 27.9958 株洲市
430300011 112.4876 27.9164 湘潭市
430300051 112.9118 27.8403 湘潭市
430300052 112.8937 27.8728 湘潭市
430300053 112.9227 27.8159 湘潭市
430300054 112.9433 27.8614 湘潭市
430300055 112.9074 27.9119 湘潭市
430300056 113.0048 27.9153 湘潭市
430400050 112.5003 26.9167 衡阳市
430400051 112.6211 26.8956 衡阳市
430400052 112.6197 26.8733 衡阳市
430400054 112.6006 26.8919 衡阳市
430400055 112.6194 26.9258 衡阳市
430400056 112.5664 26.9056 衡阳市
430500050 111.5239 27.3033 邵阳市
430500051 111.5283 27.2442 邵阳市
430500052 111.4503 27.2537 邵阳市
430500053 111.4328 27.2272 邵阳市
430500054 111.4733 27.2317 邵阳市
430600050 113.2117 29.355 岳阳市
430600051 113.1094 29.3578 岳阳市
430600052 113.1497 29.3575 岳阳市
430600053 113.1493 29.4251 岳阳市
430600054 113.2621 29.4758 岳阳市
430600055 112.9943 29.4402 岳阳市
430700049 111.7158 29.1456 常德市
430700054 111.6975 28.9703 常德市
430800050 110.4417 29.315 张家界市
430800051 110.5319 29.1217 张家界市
430800052 110.4697 29.1242 张家界市
430800053 110.5594 29.3547 张家界市
430900050 112.4067 28.6428 益阳市
430900051 112.3347 28.6047 益阳市
430900052 112.3744 28.5819 益阳市
430900053 112.3458 28.5808 益阳市
430900054 112.3437 28.5531 益阳市
431000050 113.0073 25.9061 郴州市
431000051 113.0116 25.8226 郴州市
431000052 113.0161 25.8001 郴州市
431000054 113.0383 25.8071 郴州市
431000055 113.0348 25.7759 郴州市
431100050 111.6217 26.2081 永州市
431100051 111.6156 26.4214 永州市
431100052 111.6236 26.2331 永州市
431100053 111.5992 26.4364 永州市
431100054 111.5989 26.4519 永州市
431200050 109.5981 27.5721 怀化市
431200051 109.9453 27.5444 怀化市
431200052 109.9781 27.5342 怀化市
431200053 109.9972 27.5578 怀化市
431200054 110.0394 27.583 怀化市
431300050 111.9589 27.8901 娄底市
431300051 111.9975 27.725 娄底市
431300052 111.9561 27.7569 娄底市
431300053 112.0194 27.7314 娄底市
431300054 111.9892 27.7044 娄底市
433100050 109.6414 28.2558 湘西土家族苗族自治州
433100051 109.7325 28.3169 湘西土家族苗族自治州
433100052 109.6958 28.2675 湘西土家族苗族自治州
440100001 113.443 23.3035 广州市
440100051 113.2347 23.1423 广州市
440100057 113.2597 23.1331 广州市
440100063 113.2765 23.1544 广州市
440100064 113.2612 23.105 广州市
440100074 113.3221 23.1322 广州市
440100088 113.3478 23.0916 广州市
440100089 113.4332 23.1047 广州市
440100090 113.3505 22.9483 广州市
440100091 113.2146 23.3916 广州市
440100092 113.5618 23.312 广州市
440200052 113.5824 24.7733 韶关市
440200054 113.5917 24.7972 韶关市
440200055 113.6735 24.7791 韶关市
440200056 113.5971 24.6863 韶关市
440300051 114.1063 22.5545 深圳市
440300052 114.117 22.5625 深圳市
440300054 113.987 22.5417 深圳市
440300055 113.9181 22.5171 深圳市
440300057 114.2458 22.5689 深圳市
440300058 114.2283 22.7244 深圳市
440300060 114.297 22.5978 深圳市
440300061 114.41 22.6342 深圳市
440300062 114.0678 22.738 深圳市
440300063 114.494 22.5422 深圳市
440400052 113.5814 22.2618 珠海市
440400053 113.4881 22.2335 珠海市
440400054 113.628 22.4251 珠海市
440400055 113.299 22.2281 珠海市
440500051 116.6794 23.3667 汕头市
440500052 116.7244 23.3633 汕头市
440500054 116.7258 23.2775 汕头市
440500055 116.7519 23.4714 汕头市
440500056 116.6092 23.2539 汕头市
440600401 113.1294 23.0067 佛山市
440600402 113.1083 23.0478 佛山市
440600404 113.144 23.0453 佛山市
440600405 113.2881 22.8094 佛山市
440600407 112.8383 22.8678 佛山市
440600408 112.8836 23.1588 佛山市
440600409 112.867 23.185 佛山市
440700001 113.0828 22.5947 江门市
44070051 113.1064 22.6058 江门市
44070053 113.0731 22.5835 江门市
44070054 113.0219 22.5311 江门市
440800051 110.3539 21.2706 湛江市
440800052 110.3928 21.2228 湛江市
440800053 110.4019 21.1997 湛江市
440800054 110.4111 21.2028 湛江市
440800055 110.4558 21.2567 湛江市
440800056 110.3316 21.2679 湛江市
440900001 111.0286 21.4688 茂名市
440900401 110.9294 21.6533 茂名市
440900402 110.9107 21.6687 茂名市
440900403 110.8592 21.6828 茂名市
441200401 112.4267 23.0706 肇庆市
441200402 112.4645 23.0475 肇庆市
441200404 112.5544 23.1522 肇庆市
441300401 114.4103 23.1142 惠州市
441300402 114.4645 22.7833 惠州市
441300403 114.5317 22.7422 惠州市
441300751 114.4053 23.0822 惠州市
441300752 114.4183 23.0528 惠州市
441400001 116.1231 24.3284 梅州市
441400404 116.0797 24.2719 梅州市
441400405 116.1248 24.2654 梅州市
441500401 115.3653 22.775 汕尾市
441500402 115.3706 22.7898 汕尾市
441500403 115.3622 22.7925 汕尾市
441600001 114.6778 23.7569 河源市
441600401 114.6944 23.7586 河源市
441600403 114.6892 23.7233 河源市
441700001 111.9797 21.8593 阳江市
441700402 111.9491 21.8658 阳江市
441800001 113.0426 23.691 清远市
441800401 113.0208 23.7106 清远市
441800403 113.0477 23.6344 清远市
441900402 113.7547 23.0494 东莞市
441900404 113.7944 23.0128 东莞市
441900405 113.7383 22.9658 东莞市
442000051 113.3769 22.5211 中山市
442000052 113.3881 22.5497 中山市
442000053 113.4075 22.5111 中山市
445100001 116.6367 23.6719 潮州市
445100402 116.6447 23.6706 潮州市
445100404 116.6183 23.6608 潮州市
445200401 116.3701 23.5345 揭阳市
445200402 116.3611 23.5626 揭阳市
445200403 116.3264 23.5443 揭阳市
445200404 116.4151 23.5294 揭阳市
445300001 112.0392 22.9169 云浮市
445300403 112.0539 22.9539 云浮市
450100010 108.4394 22.7904 南宁市
450100051 108.3103 22.7881 南宁市
450100052 108.3141 22.8528 南宁市
450100054 108.3206 22.8225 南宁市
450100057 108.2397 22.8467 南宁市
450100124 108.3275 22.735 南宁市
450100125 108.3829 22.8037 南宁市
450100126 108.2257 22.7757 南宁市
450200409 109.4157 24.3277 柳州市
450200410 109.389 24.341 柳州市
450200413 109.4311 24.2921 柳州市
450200419 109.4006 24.3631 柳州市
450200420 109.4958 24.3134 柳州市
450200421 109.4856 24.3895 柳州市
450300015 110.4144 25.3167 桂林市
450300061 110.2819 25.2697 桂林市
450300063 110.3089 25.2708 桂林市
450300095 110.2869 25.2178 桂林市
450400098 111.3014 23.4832 梧州市
450400100 111.3239 23.4794 梧州市
450400573 111.2711 23.4835 梧州市
450400574 111.247 23.4189 梧州市
450500009 109.2262 21.588 北海市
450500117 109.1436 21.4086 北海市
450500122 109.0981 21.4661 北海市
450500123 109.1778 21.5233 北海市
450600523 108.3411 21.6158 防城港市
450600525 108.3514 21.7731 防城港市
450600570 108.3506 21.6414 防城港市
450700484 108.6236 21.9667 钦州市
450700527 108.6549 21.9481 钦州市
450700572 108.5989 21.7431 钦州市
450800025 109.568 23.1478 贵港市
450800564 109.6047 23.0666 贵港市
450800565 109.6014 23.0948 贵港市
450800571 109.5669 23.1065 贵港市
450900026 110.1106 22.7019 玉林市
450900568 110.1675 22.6411 玉林市
450900569 110.1433 22.6164 玉林市
451000068 106.6103 23.9011 百色市
451000121 106.6538 23.8859 百色市
451100566 111.5264 24.4172 贺州市
451100567 111.5608 24.4078 贺州市
451200012 108.2011 24.715 河池市
451200109 108.0497 24.6947 河池市
451200120 108.0983 24.6989 河池市
451300531 109.2328 23.7361 来宾市
451300532 109.2203 23.7256 来宾市
451400559 107.3476 22.4136 崇左市
451400563 107.3702 22.3707 崇左市
460100051 110.33 20.0356 海口市
460100052 110.3232 20.0574 海口市
460100053 110.283 20.0053 海口市
460100054 110.338 19.9969 海口市
460200053 109.5078 18.2489 三亚市
460200054 109.4964 18.2681 三亚市
500000010 106.3787 29.8279 重庆市
500000111 106.5777 29.5102 重庆市
500000130 106.4213 29.8253 重庆市
500000135 106.6263 29.7228 重庆市
500000140 106.4782 29.4875 重庆市
500000145 106.5093 29.3917 重庆市
500000153 106.6556 29.6277 重庆市
500000156 106.3754 29.4572 重庆市
500000164 106.2953 29.5983 重庆市
500000166 106.5616 29.6453 重庆市
500000168 106.6349 29.4906 重庆市
500000172 106.6205 29.7166 重庆市
500000174 106.4522 29.7091 重庆市
500000175 106.4958 29.5346 重庆市
500000176 106.4037 29.5728 重庆市
500000177 106.5507 29.4153 重庆市
500000178 106.5468 29.5654 重庆市
510100008 103.6202 31.0201 成都市
510100051 104.0431 30.6556 成都市
510100054 104.1122 30.6306 成都市
510100073 104.0594 30.5767 成都市
510100074 104.1419 30.6764 成都市
510100075 103.9728 30.7236 成都市
510100078 104.0219 30.6558 成都市
510300103 104.72 29.3427 自贡市
510300104 104.776 29.3627 自贡市
510400051 101.7169 26.585 攀枝花市
510400052 101.6891 26.571 攀枝花市
510400053 101.7369 26.5008 攀枝花市
510400054 101.5769 26.5928 攀枝花市
510400057 101.7227 26.567 攀枝花市
510500050 105.4324 28.9634 泸州市
510500251 105.4379 28.8833 泸州市
510500401 105.4427 28.9063 泸州市
510500404 105.4241 28.8573 泸州市
510600701 104.4239 31.1208 德阳市
510600751 104.3826 31.1317 德阳市
510600753 104.3553 31.1091 德阳市
510700051 104.7778 31.4741 绵阳市
510700052 104.7563 31.4535 绵阳市
510700053 104.7287 31.5075 绵阳市
510700054 104.6697 31.4668 绵阳市
510800001 105.8945 32.4535 广元市
510800401 105.821 32.4444 广元市
510800403 105.8628 32.4287 广元市
510900001 105.5453 30.5678 遂宁市
510900152 105.5582 30.5232 遂宁市
510900154 105.5861 30.5366 遂宁市
510900155 105.5918 30.4728 遂宁市
511000051 105.0703 29.61 内江市
511000408 105.0717 29.5947 内江市
511000409 105.0653 29.5817 内江市
511000605 105.0406 29.5822 内江市
511100001 103.7723 29.5462 乐山市
511100051 103.7627 29.5844 乐山市
511100058 103.7508 29.6006 乐山市
511100083 103.7571 29.5664 乐山市
511300004 106.056 30.8064 南充市
511300053 106.1031 30.8217 南充市
511300060 106.0789 30.8023 南充市
511300062 106.1064 30.7856 南充市
511300064 106.0642 30.7636 南充市
511300066 106.1087 30.8388 南充市
511400001 104.0308 30.0478 眉山市
511400401 103.8416 30.0874 眉山市
511500006 104.563 28.793 宜宾市
511500061 104.6201 28.7728 宜宾市
511500062 104.6055 28.793 宜宾市
511500063 104.639 28.7562 宜宾市
511500064 104.5742 28.7199 宜宾市
511600402 106.6303 30.4576 广安市
511600403 106.6271 30.4663 广安市
511600405 106.6388 30.4551 广安市
511600406 106.6351 30.4865 广安市
511700001 107.5277 31.2827 达州市
511700501 107.5086 31.2186 达州市
511700502 107.4988 31.2132 达州市
511700503 107.5082 31.1986 达州市
511700504 107.4644 31.2124 达州市
511800401 103.0475 30.02 雅安市
511800402 103.0111 29.9833 雅安市
511800404 102.9905 29.9775 雅安市
511900002 106.7677 31.8794 巴中市
512000001 104.6617 30.1372 资阳市
512000404 104.6356 30.1506 资阳市
512000415 104.6295 30.1383 资阳市
512000416 104.6463 30.1146 资阳市
512000417 104.6296 30.1256 资阳市
513200001 102.1879 31.914 阿坝藏族羌族自治州
513200403 102.2502 31.8896 阿坝藏族羌族自治州
513300402 101.9603 30.0475 甘孜藏族自治州
513300403 101.9533 29.9972 甘孜藏族自治州
513400001 102.3431 27.8099 凉山彝族自治州
513400351 102.2721 27.8415 凉山彝族自治州
513400401 102.2625 27.898 凉山彝族自治州
513400402 102.2685 27.8851 凉山彝族自治州
513400403 102.237 27.8914 凉山彝族自治州
520100051 106.674 26.5424 贵阳市
520100052 106.6971 26.5694 贵阳市
520100053 106.7164 26.5699 贵阳市
520100054 106.7109 26.6027 贵阳市
520100055 106.6899 26.5998 贵阳市
520100056 106.694 26.5161 贵阳市
520100057 106.6555 26.4365 贵阳市
520100058 106.6243 26.6266 贵阳市
520100059 106.7487 26.6343 贵阳市
520200051 104.83 26.5917 六盘水市
520200053 104.89 26.5939 六盘水市
520200056 104.8475 26.5894 六盘水市
520200057 104.9544 26.5506 六盘水市
520300051 106.9222 27.6869 遵义市
520300052 106.9178 27.72 遵义市
520300351 106.9242 27.7019 遵义市
520300401 106.8906 27.6486 遵义市
520400404 105.9408 26.2431 安顺市
520400405 105.9439 26.2564 安顺市
520400406 105.8983 26.2481 安顺市
522200401 109.1839 27.7344 铜仁市
522200402 109.1753 27.6944 铜仁市
522300402 104.9022 25.0925 黔西南布依族苗族自治州
522300403 104.8811 25.0992 黔西南布依族苗族自治州
522400401 105.2864 27.3125 毕节市
522400405 105.31 27.2944 毕节市
522600051 107.8908 26.5311 黔东南苗族侗族自治州
522600402 107.9783 26.5747 黔东南苗族侗族自治州
522700401 107.5228 26.2403 黔南布依族苗族自治州
530100049 102.6251 24.9608 昆明市
530100052 102.6644 25.0401 昆明市
530100055 102.7252 25.0902 昆明市
530100056 102.7266 25.0375 昆明市
530100057 102.6742 25.0669 昆明市
530100058 102.8204 24.8886 昆明市
530300051 103.7897 25.5035 曲靖市
530300052 103.8 25.5364 曲靖市
530400051 102.575 24.3711 玉溪市
530400100 102.5389 24.3703 玉溪市
530400101 102.5381 24.3389 玉溪市
530500427 99.1678 25.1081 保山市
530500428 99.1711 25.1328 保山市
530600403 103.7667 27.3736 昭通市
530600404 103.7225 27.3361 昭通市
530700052 100.2497 26.8802 丽江市
530700055 100.2203 26.8906 丽江市
530800413 100.98 22.7633 普洱市
530800416 100.9817 22.8322 普洱市
530900429 100.0781 23.8982 临沧市
530900430 100.0894 23.8822 临沧市
532301405 101.5482 25.0441 楚雄彝族自治州
532301406 101.538 25.0492 楚雄彝族自治州
532522406 103.3861 23.35 红河哈尼族彝族自治州
532522408 103.3772 23.3993 红河哈尼族彝族自治州
532522409 103.3758 23.368 红河哈尼族彝族自治州
532621431 104.2533 23.3594 文山壮族苗族自治州
532621432 104.2319 23.3892 文山壮族苗族自治州
532801408 100.7939 22.0019 西双版纳傣族自治州
532801410 100.8017 22.0225 西双版纳傣族自治州
532901411 100.1542 25.7054 大理白族自治州
532901412 100.2171 25.5811 大理白族自治州
533103420 98.5842 24.428 德宏傣族景颇族自治州
533321051 98.8601 25.8567 怒江傈僳族自治州
533321052 98.8546 25.8417 怒江傈僳族自治州
533421434 99.7056 27.8317 迪庆藏族自治州
540100051 91.0874 29.6475 拉萨市
540100052 91.1319 29.6514 拉萨市
540100053 91.1221 29.6747 拉萨市
540100054 91.1774 29.6541 拉萨市
540100055 91.0834 29.6292 拉萨市
540100056 90.9798 29.6588 拉萨市
542100051 97.1806 31.1273 昌都市
542200051 91.7608 29.2313 山南市
542200052 91.7706 29.2436 山南市
542300051 88.8876 29.2718 日喀则市
542400051 92.0657 31.4846 那曲市
542400053 92.0506 31.4797 那曲市
542500051 80.1161 32.5 阿里地区
542600051 94.3681 29.6376 林芝市
542600052 94.3616 29.6616 林芝市
610100001 108.869 34.378 西安市
610100052 108.993 34.2629 西安市
610100053 108.935 34.3474 西安市
610100054 108.906 34.1546 西安市
610100055 108.954 34.2713 西安市
610100057 109.2186 34.3731 西安市
610100059 108.882 34.2749 西安市
610100061 108.985 34.1978 西安市
610100062 109.051 34.3213 西安市
610100091 109.06 34.2572 西安市
610100092 108.9356 34.2173 西安市
610100093 108.8922 34.2322 西安市
610200001 109.0656 35.0994 铜川市
610200061 109.0697 35.0697 铜川市
610200062 108.9344 34.9058 铜川市
610300003 107.185 34.3063 宝鸡市
610300051 107.2058 34.3497 宝鸡市
610300053 107.1906 34.3672 宝鸡市
610300054 107.2386 34.3622 宝鸡市
610300056 107.3906 34.3528 宝鸡市
610300057 107.1431 34.3547 宝鸡市
610300058 107.1186 34.3739 宝鸡市
610300059 107.0708 34.3017 宝鸡市
610400053 108.673 34.3155 咸阳市
610400054 108.7233 34.3617 咸阳市
610500051 109.4974 34.4877 渭南市
610500052 109.4636 34.493 渭南市
610500053 109.4259 34.5023 渭南市
610600001 109.4131 36.6275 延安市
610600052 109.4761 36.6028 延安市
610600059 109.5056 36.6106 延安市
610700004 106.9893 33.1842 汉中市
610700056 107.0154 33.0706 汉中市
610700065 107.0089 33.1138 汉中市
610700066 107.007 33.0323 汉中市
610800401 109.7456 38.2911 榆林市
610800402 109.7289 38.2839 榆林市
610800403 109.7336 38.2478 榆林市
610900001 109.0318 32.6537 安康市
610900402 109.0281 32.6939 安康市
610900403 109.0072 32.6975 安康市
611000401 109.9154 33.8715 商洛市
611000403 109.9643 33.8471 商洛市
620100051 103.8412 36.0726 兰州市
620100052 103.831 36.0464 兰州市
620100054 103.631 36.1031 兰州市
620200061 98.2908 39.7711 嘉峪关市
620200063 98.2672 39.7978 嘉峪关市
620300402 102.1692 38.5167 金昌市
620400477 104.1724 36.5446 白银市
620400478 104.1465 36.5482 白银市
620500401 105.7205 34.5786 天水市
620500402 105.8945 34.5538 天水市
620600431 102.6201 37.9251 武威市
620700421 100.4698 38.9524 张掖市
620700422 100.4154 38.9422 张掖市
620800471 106.6692 35.5461 平凉市
620800572 106.7021 35.5307 平凉市
620900411 98.5061 39.7443 酒泉市
620900412 98.4989 39.7256 酒泉市
621000481 107.6325 35.7357 庆阳市
621000482 107.6364 35.7067 庆阳市
621100441 104.6241 35.5734 定西市
621100442 104.6194 35.5934 定西市
621200462 104.9339 33.3826 陇南市
622900491 103.2069 35.5993 临夏回族自治州
622900492 103.2417 35.6057 临夏回族自治州
623000401 102.9099 34.9841 甘南藏族自治州
630100085 101.7775 36.6428 西宁市
632200051 100.9048 36.9639 海北藏族自治州
632300051 102.0199 35.5102 黄南藏族自治州
632500051 100.6188 36.2866 海南藏族自治州
632600051 100.2561 34.4714 果洛藏族自治州
632700051 97 33.0014 玉树藏族自治州
632800051 97.3731 37.3753 海西蒙古族藏族自治州
640100001 105.9512 38.6016 银川市
640100059 106.2328 38.4975 银川市
640100060 106.1358 38.5036 银川市
640100061 106.2757 38.4842 银川市
640100062 106.2266 38.4418 银川市
640100063 106.1015 38.497 银川市
640200001 106.3394 38.817 石嘴山市
640200051 106.3668 39.0145 石嘴山市
640200052 106.7704 39.2282 石嘴山市
640200053 106.7099 39.1325 石嘴山市
640300061 106.1856 37.9956 吴忠市
640300062 106.1532 37.9648 吴忠市
640400004 106.2319 36.1417 固原市
640400070 106.2792 36.0022 固原市
640400071 106.2375 36.0211 固原市
640500081 105.1971 37.5002 中卫市
650100002 87.4754 43.9469 乌鲁木齐市
650100051 87.6046 43.768 乌鲁木齐市
650100055 87.5801 43.8303 乌鲁木齐市
650100056 87.5525 43.8711 乌鲁木齐市
650100071 87.6432 43.831 乌鲁木齐市
650100091 87.7216 44.1747 乌鲁木齐市
650100092 87.4651 43.4569 乌鲁木齐市
650200061 84.895 45.6094 克拉玛依市
650200062 84.8988 45.5893 克拉玛依市
650200071 84.905 44.3396 克拉玛依市
650200081 85.6979 46.098 克拉玛依市
652100411 89.1904 42.9418 吐鲁番市
652100412 89.1673 42.9559 吐鲁番市
652200401 93.5128 42.8172 哈密市
652200402 93.4961 42.8328 哈密市
652300001 88.1236 43.8886 昌吉回族自治州
652300403 87.2717 44.0297 昌吉回族自治州
652700001 82.0485 44.8556 博尔塔拉蒙古自治州
652700405 82.0806 44.8969 博尔塔拉蒙古自治州
652800401 86.1472 41.7538 巴音郭楞蒙古自治州
652800402 86.1972 41.7166 巴音郭楞蒙古自治州
652800403 86.2357 41.7173 巴音郭楞蒙古自治州
652900402 80.292 41.1694 阿克苏地区
652900404 80.2613 41.1551 阿克苏地区
653000402 76.1454 39.7142 克孜勒苏柯尔克孜自治州
653100406 76.0072 39.4467 喀什地区
653100407 75.9755 39.4694 喀什地区
654000401 81.2815 43.9404 伊犁哈萨克自治州
654000408 81.2996 43.9174 伊犁哈萨克自治州
654000409 81.3364 43.941 伊犁哈萨克自治州
654200406 82.9994 46.7432 塔城地区
654300401 88.1264 47.8517 阿勒泰地区
659001411 86.0497 44.2967 石河子市
659001412 86.0697 44.3075 石河子市
659004109 87.5475 44.1756 五家渠市
